67.88
69.75
69.88
70.88
72.88
72.50
70.81
66.38
65.94
69.00
68.25
67.13
65.13
64.75
62.88
62.75
62.13
63.00
61.88
63.00
60.00
63.75
63.00
60.88
61.00
61.75
61.38
61.06
61.50
63.25
63.50
62.25
62.63
60.00
58.25
57.25
60.38
59.63
59.50
59.00
59.38
58.88
57.13
56.75
58.63
57.75
57.50
57.50
57.63
55.00
54.13
56.88
56.63
53.38
55.75
50.00
51.00
51.38
52.00
52.69
54.75
54.63
55.00
54.44
54.13
55.23
56.25
56.75
58.50
59.50
58.25
57.88
58.00
58.23
57.13
58.00
57.50
57.56
57.88
59.25
61.00
60.81
60.38
60.25
60.75
58.81
56.06
54.88
55.38
53.25
53.13
53.50
55.25
54.88
56.13
56.13
58.88
59.50
58.75
55.50
55.88
56.13
54.89
56.13
56.63
56.38
56.88
57.13
56.88
57.63
59.25
60.63
61.88
61.75
60.44
59.63
60.56
64.88
64.19
65.75
65.25
67.75
68.11
70.25
69.63
69.25
68.13
67.75
67.88
68.00
68.69
68.75
67.88
68.75
68.63
69.13
71.75
72.88
72.38
71.88
71.13
71.00
70.25
69.88
70.88
71.00
72.50
71.38
71.50
75.50
76.63
76.31
76.88
75.25
75.25
74.13
75.25
76.75
75.00
73.00
72.00
70.38
71.38
71.13
71.38
73.61
72.88
72.50
73.88
73.44
75.13
74.75
74.88
72.13
73.00
73.38
72.88
69.50
71.25
69.31
70.00
71.63
72.50
72.75
72.25
69.50
69.00
72.13
74.25
72.88
74.38
75.13
77.00
78.75
78.13
79.88
82.36
80.75
82.38
82.13
80.25
81.75
81.75
81.00
80.75
79.50
80.25
83.00
81.63
81.25
81.50
81.25
81.38
79.81
81.63
82.25
80.63
81.25
83.50
84.25
85.00
85.38
88.13
88.63
94.25
95.63
97.00
97.38
95.75
96.50
97.25
97.38
96.88
95.44
95.75
99.00
99.50
101.69
104.75
101.63
100.88
99.88
105.38
107.63
111.13
112.63
110.75
110.00
107.75
105.50
109.38
107.50
105.38
106.00
104.38
106.75
109.88
108.75
110.38
114.00
118.88
122.13
122.25
123.88
121.00
119.50
119.88
115.88
115.38
120.75
120.88
118.88
122.38
121.50
123.75
126.63
126.88
127.13
125.88
129.50
128.25
125.69
130.13
129.13
136.88
136.88
132.38
127.25
130.00
135.75
137.50
134.63
132.25
135.25
136.63
135.38
133.25
130.94
130.38
138.38
138.88
143.38
143.38
